 q(1:3)   w(Ry)   eps    epsi  --- NO LFC
  0.00000000  0.00000000  0.01000000    0.0000D+00  0.562130804180858E+01 -0.287555241162780E-19    0.177894538524216E+00  0.910010740318975E-21
  0.00000000  0.00000000  0.01000000    0.2082D-02  0.562136987653363E+01 -0.287506268660219E-19    0.177892581695165E+00  0.909835743045760E-21
  0.00000000  0.00000000  0.01000000    0.6420D-02  0.562189598328275E+01 -0.287089531420981E-19    0.177875934199707E+00  0.908346912719728E-21
  0.00000000  0.00000000  0.01000000    0.1112D-01  0.562307232121532E+01 -0.286157310085913E-19    0.177838722832551E+00  0.905018602781872E-21
  0.00000000  0.00000000  0.01000000    0.1621D-01  0.562505992593982E+01 -0.284580840412898E-19    0.177775883842326E+00  0.899396825902119E-21
  0.00000000  0.00000000  0.01000000    0.2172D-01  0.562805340788443E+01 -0.282203387049848E-19    0.177681327366063E+00  0.890934551686571E-21
  0.00000000  0.00000000  0.01000000    0.2770D-01  0.563228814542466E+01 -0.278833605110520E-19    0.177547734451822E+00  0.878972694545512E-21
  0.00000000  0.00000000  0.01000000    0.3417D-01  0.563804927763794E+01 -0.274236949087005E-19    0.177366310714288E+00  0.862716757620857E-21
  0.00000000  0.00000000  0.01000000    0.4118D-01  0.564568306449987E+01 -0.268124401258573E-19    0.177126485595342E+00  0.841207916822611E-21
  0.00000000  0.00000000  0.01000000    0.4877D-01  0.565561140760588E+01 -0.260137462927742E-19    0.176815542640565E+00  0.813286899571121E-21
  0.00000000  0.00000000  0.01000000    0.5700D-01  0.566835065792293E+01 -0.249827848830893E-19    0.176418161181022E+00  0.777548397450532E-21
  0.00000000  0.00000000  0.01000000    0.6591D-01  0.568453634010432E+01 -0.236629540480833E-19    0.175915842589485E+00  0.732282854831473E-21
  0.00000000  0.00000000  0.01000000    0.7556D-01  0.570495619813438E+01 -0.219819603406693E-19    0.175286183674296E+00  0.675401143142116E-21
  0.00000000  0.00000000  0.01000000    0.8602D-01  0.573059519064552E+01 -0.198462129849239E-19    0.174501943817699E+00  0.604335610538767E-21
  0.00000000  0.00000000  0.01000000    0.9735D-01  0.576269804825667E+01 -0.171326236901480E-19    0.173529827803926E+00  0.515907863623054E-21
  0.00000000  0.00000000  0.01000000    0.1096D+00  0.580285832280374E+01 -0.136763104518446E-19    0.172328866977548E+00  0.406148651835574E-21
  0.00000000  0.00000000  0.01000000    0.1229D+00  0.585314860567327E+01 -0.925163627197097E-20    0.170848216467754E+00  0.270047057227040E-21
  0.00000000  0.00000000  0.01000000    0.1373D+00  0.591631696858203E+01 -0.354201673751655E-20    0.169024074489314E+00  0.101192364111601E-21
  0.00000000  0.00000000  0.01000000    0.1529D+00  0.599609434850231E+01  0.390998838372708E-20    0.166775227652944E+00 -0.108752325249740E-21
  0.00000000  0.00000000  0.01000000    0.1698D+00  0.609769713181368E+01  0.137889217050874E-19    0.163996338024510E+00 -0.370850276105531E-21
  0.00000000  0.00000000  0.01000000    0.1881D+00  0.622869461214020E+01  0.271637234230524E-19    0.160547283543317E+00 -0.700156658506421E-21
  0.00000000  0.00000000  0.01000000    0.2080D+00  0.640061340431714E+01  0.457945211479684E-19    0.156235025743862E+00 -0.111781601832957E-20
  0.00000000  0.00000000  0.01000000    0.2294D+00  0.663219400353185E+01  0.727850803585141E-19    0.150779666497613E+00 -0.165473297925460E-20
  0.00000000  0.00000000  0.01000000    0.2527D+00  0.695696830706400E+01  0.114142718281761E-18    0.143740772684650E+00 -0.235834947034145E-20
  0.00000000  0.00000000  0.01000000    0.2779D+00  0.744658720409196E+01  0.555813023469279E-07    0.134289705148486E+00 -0.100233791660108E-08
  0.00000000  0.00000000  0.01000000    0.3053D+00  0.831988731834640E+01  0.128795562444823E-01    0.120193647497928E+00 -0.186065121310648E-03
  0.00000000  0.00000000  0.01000000    0.3348D+00  0.100713625744662E+02  0.427179110854878E+00    0.991131211959476E-01 -0.420390534781045E-02
  0.00000000  0.00000000  0.01000000    0.3669D+00  0.114232333511510E+02  0.351227864528009E+01    0.799798666928541E-01 -0.245912491850965E-01
  0.00000000  0.00000000  0.01000000    0.4016D+00  0.103750793468725E+02  0.740313373915025E+01    0.638668198782369E-01 -0.455721439080209E-01
  0.00000000  0.00000000  0.01000000    0.4392D+00  0.631861519185521E+01  0.103161829052514E+02    0.431751196416944E-01 -0.704905137685808E-01
  0.00000000  0.00000000  0.01000000    0.4800D+00  0.257503911301663E+01  0.774479037851457E+01    0.386569348944927E-01 -0.116266139772533E+00
  0.00000000  0.00000000  0.01000000    0.5241D+00  0.146495493289660E+01  0.548623779768186E+01    0.454321464150802E-01 -0.170142816884744E+00
  0.00000000  0.00000000  0.01000000    0.5719D+00  0.269606770597979E+01  0.268068781599585E+01    0.186516242198301E+00 -0.185452248412512E+00
  0.00000000  0.00000000  0.01000000    0.6237D+00  0.440048439958244E+01  0.419738401427286E+01    0.118988946964848E+00 -0.113497119524570E+00
  0.00000000  0.00000000  0.01000000    0.6798D+00  0.492171519304843E+01  0.544151535453658E+01    0.914249881026890E-01 -0.101080712116738E+00
  0.00000000  0.00000000  0.01000000    0.7406D+00  0.194811067446511E+01  0.100404940452369E+02    0.186232000078598E-01 -0.959833192400698E-01
  0.00000000  0.00000000  0.01000000    0.8065D+00 -0.231283426276106E+01  0.649927756716726E+01   -0.485993577904284E-01 -0.136568677207762E+00
  0.00000000  0.00000000  0.01000000    0.8778D+00 -0.268575689829807E+01  0.312075848339971E+01   -0.158429081124900E+00 -0.184089222390553E+00
  0.00000000  0.00000000  0.01000000    0.9551D+00 -0.151410598368979E+01  0.125866912349965E+01   -0.390559145512905E+00 -0.324669965413871E+00
  0.00000000  0.00000000  0.01000000    0.1039D+01 -0.288795722424977E+00  0.811679074552640E+00   -0.389094110790091E+00 -0.109357418838510E+01
  0.00000000  0.00000000  0.01000000    0.1129D+01  0.581722113566120E+00  0.739910864330626E+00    0.656668545313269E+00 -0.835237615367443E+00
  0.00000000  0.00000000  0.01000000    0.1228D+01  0.102938883046846E+01  0.119818680727795E+01    0.412532249651518E+00 -0.480178805596907E+00
  0.00000000  0.00000000  0.01000000    0.1334D+01  0.111979859165546E+01  0.140478040275454E+01    0.346970799389776E+00 -0.435272720418638E+00
  0.00000000  0.00000000  0.01000000    0.1449D+01  0.885635944478303E+00  0.184692326190714E+01    0.211093050215074E+00 -0.440217752339322E+00
  0.00000000  0.00000000  0.01000000    0.1574D+01  0.442611410282149E+00  0.163708882066384E+01    0.153900155770927E+00 -0.569231200683239E+00
  0.00000000  0.00000000  0.01000000    0.1710D+01  0.264391777995063E+00  0.126057802866057E+01    0.159372004993205E+00 -0.759860421536134E+00
  0.00000000  0.00000000  0.01000000    0.1856D+01  0.232407611313282E+00  0.957835841828374E+00    0.239234700357577E+00 -0.985972745542618E+00
  0.00000000  0.00000000  0.01000000    0.2015D+01  0.406449514723418E+00  0.546450708326103E+00    0.876328407553302E+00 -0.117817899071586E+01
  0.00000000  0.00000000  0.01000000    0.2187D+01  0.587516120223412E+00  0.606353897890236E+00    0.824190451694702E+00 -0.850616818478034E+00
  0.00000000  0.00000000  0.01000000    0.2373D+01  0.639764998980211E+00  0.450137494909561E+00    0.104549915578682E+01 -0.735611313007288E+00
  0.00000000  0.00000000  0.01000000    0.2575D+01  0.797123511084228E+00  0.343355171931408E+00    0.105817725033386E+01 -0.455802177040411E+00
  0.00000000  0.00000000  0.01000000    0.2794D+01  0.120389925241492E+01  0.262582814062560E+00    0.792913719987010E+00 -0.172942640744530E+00
  0.00000000  0.00000000  0.01000000    0.3030D+01  0.997129576931941E+00  0.127835460367873E+01    0.379359160466705E+00 -0.486351563978743E+00
  0.00000000  0.00000000  0.01000000    0.3287D+01  0.338516857464309E+00  0.783438577783319E+00    0.464759685035510E+00 -0.107560571542182E+01
  0.00000000  0.00000000  0.01000000    0.3565D+01  0.382019667386495E+00  0.238141946018911E+00    0.188511479068280E+01 -0.117513558344641E+01
  0.00000000  0.00000000  0.01000000    0.3866D+01  0.613579980281770E+00  0.161834918265318E+00    0.152377519716240E+01 -0.401903651377695E+00
  0.00000000  0.00000000  0.01000000    0.4192D+01  0.716804848037719E+00  0.150006737338948E+00    0.133654645433055E+01 -0.279700916455737E+00
  0.00000000  0.00000000  0.01000000    0.4545D+01  0.774184285180805E+00  0.125584471634835E+00    0.125856453564675E+01 -0.204158318959711E+00
  0.00000000  0.00000000  0.01000000    0.4928D+01  0.834084501091994E+00  0.102417680634606E+00    0.118111107260920E+01 -0.145029258390624E+00
  0.00000000  0.00000000  0.01000000    0.5343D+01  0.873992684768404E+00  0.128051427241272E+00    0.112012951829669E+01 -0.164113711719427E+00
  0.00000000  0.00000000  0.01000000    0.5792D+01  0.863080342997014E+00  0.140454235886456E+00    0.112874804714589E+01 -0.183687933292155E+00
  0.00000000  0.00000000  0.01000000    0.6279D+01  0.876883951617568E+00  0.716047731460269E-01    0.113284785699245E+01 -0.925063272731494E-01
  0.00000000  0.00000000  0.01000000    0.6806D+01  0.935138113442825E+00  0.688126445577804E-01    0.106360153250416E+01 -0.782656948264725E-01
  0.00000000  0.00000000  0.01000000    0.7377D+01  0.981031866438057E+00  0.104108492284192E+00    0.100798321982988E+01 -0.106968608109816E+00
  0.00000000  0.00000000  0.01000000    0.7995D+01  0.916155690127552E+00  0.221440058803795E+00    0.103126909358447E+01 -0.249263625371456E+00
  0.00000000  0.00000000  0.01000000    0.8665D+01  0.858269597557339E+00  0.871748535526934E-01    0.115323761369234E+01 -0.117134896041067E+00
  0.00000000  0.00000000  0.01000000    0.9391D+01  0.875541784881286E+00  0.942659403975418E-01    0.112906193331530E+01 -0.121561399751428E+00
  0.00000000  0.00000000  0.01000000    0.1018D+02  0.869774966347352E+00  0.445414828315923E-01    0.114671541246937E+01 -0.587237007656405E-01
  0.00000000  0.00000000  0.01000000    0.1103D+02  0.893781654262082E+00  0.126837528071718E-01    0.111861621706907E+01 -0.158744045771578E-01
  0.00000000  0.00000000  0.01000000    0.1195D+02  0.920220536364545E+00  0.219401129423788E-02    0.108668984878551E+01 -0.259091131674609E-02
  0.00000000  0.00000000  0.01000000    0.1295D+02  0.938963263914439E+00  0.287817173695388E-03    0.106500429193852E+01 -0.326452095688309E-03
  0.00000000  0.00000000  0.01000000    0.1403D+02  0.951504951546674E+00 -0.382612259070621E-21    0.105096668007297E+01  0.422607086822864E-21
  0.00000000  0.00000000  0.01000000    0.1521D+02  0.960567643455076E+00 -0.161675399986322E-21    0.104105109808102E+01  0.175221759586908E-21
  0.00000000  0.00000000  0.01000000    0.1648D+02  0.967496898079789E+00 -0.433354677382858E-22    0.103359504509495E+01  0.462960913053698E-22
