8   8   6.00  1.000  15.99940  1.132  1.140     IS NA ZV RCMAX PMASS RATS RATS1
     5.909993     5.910134     5.909984  1     0.000     0.000     0.000
     9.417941     5.916653     9.417949  1     0.000     0.000     0.000
     9.417827     9.417980     5.916611  1     0.000     0.000     0.000
     5.916604     9.417983     9.417814  1     0.000     0.000     0.000
    13.254303     9.749185     9.749013  1     0.000     0.000     0.000
     9.749026     9.749182    13.254310  1     0.000     0.000     0.000
     9.749122    13.254374     9.749130  1     0.000     0.000     0.000
    13.253042    13.253186    13.253032  1     0.000     0.000     0.000
27   4  17.00  1.000  58.93320  2.164  2.200     IS NA ZV RCMAX PMASS RATS RATS1
     9.584917     9.584973     9.584923  1     0.000     0.000     0.000
     9.581773     5.750150     5.750112  1     0.000     0.000     0.000
     5.750103     5.750152     9.581763  1     0.000     0.000     0.000
     5.750015     9.581894     5.750001  1     0.000     0.000     0.000
28   2  18.00  1.000  58.69340  2.233  2.230     IS NA ZV RCMAX PMASS RATS RATS1
     3.828899     3.828854     3.828898  1     0.000     0.000     0.000
     0.000000     0.000000     0.000000  0     0.000     0.000     0.000
